clone-ID	genetic-group	nAChR-81	LC50	LC50-PBO	CY3_CN	CY4_CN	CY23_CN	CY3_EXP	CY4_EXP	CY23_EXP	CY3_SE_CN	CY4_SE_CN	CY23_SE_CN	CY3_SE_EXP	CY4_SE_EXP	CY23_SE_EXP
17-0153-0020	SecHost	RR	34.43	25.54	1.017	0.9336	1.558	0.31	0.48	0.3	0.04	0.03	0.1	0.09	0.06	0.09
18-0014-0001 	SecHost	RR	68.5	54.78	1.053	1.057	0.812	1.17	0.81	0.59	0.1	0.1	0.06	0.5	0.21	0.15
13-0284-0034	SecHost	RR	79.18	25.38	1	1	1	1	1	1	NA	NA	NA	0.44	0.43	0.41
18-0015-0001 	PeaHost	RR	117.16	46.72	2.254	1.783	1.332	1.79	1.43	0.36	0.09	0.18	0.09	0.56	0.35	0.06
17-0153-0001	SecHost	RR	136.63	86.83	1.458	1.542	2.217	2.55	1.8	0.54	0.07	0.08	0.14	1.15	0.89	0.2
18-0017-0001 	SecHost	RR	148.2	45.52	3.434	1.371	1.764	5.17	4.28	0.6	0.32	0.14	0.19	2.54	1.95	0.17
11-0037-0018	PeaHost	RR	177.67	60.11	4.824	4.778	4.111	4.77	6.44	1.02	0.17	0.16	0.13	1.57	0.59	0.42
13-0001-0050	PeaHost	RR	227.02	78.47	4.336	3.073	4.873	16.21	14.85	1.06	0.19	0.17	0.37	6.35	6.14	0.34
17-0149-0006	SecHost	RR	229.93	45.94	2.707	2.899	2.567	5.15	2.89	0.38	0.08	0.19	0.26	2.43	0.97	0.16
18-0201-0001	SecHost	RR	309.85	66.22	6.855	5.413	4.902	20.03	12	2.12	0.3	0.59	0.28	9.04	5.75	0.34
11-0037-0001	PeaHost	RR	434.7	103.67	6.655	5.789	5.774	18.27	16.35	1.53	0.16	0.2	0.17	8.86	4.82	0.46
18-0016-0001 	SecHost	RR	468.41	86.27	5.325	4.067	5.151	10.12	11.28	1.11	0.19	0.16	0.24	3.87	3.11	0.2
12-0067-0023	PeaHost	RT	360.2	104.37	4.362	4.173	3.556	6.16	5.18	0.53	0.13	0.13	0.1	3.15	1.83	0.15
11-0037-0012	PeaHost	RT	401.29	158.78	6.663	7.338	5.708	22.67	25.14	1.52	0.48	0.2	0.22	7.25	7.62	0.21
12-0068-0006	PeaHost	RT	550.59	111.63	5.777	5.981	3.957	9.73	13.18	0.87	0.24	0.21	0.23	3.19	5.55	0.15
13-0001-0032	PeaHost	RT	626.98	111.88	3.088	2.251	2.74	8.21	4.73	0.74	0.14	0.18	0.14	3.59	1.35	NA
11-0060-0006	PeaHost	RT	636.1	181.31	4.414	4.258	3.317	12.27	5.27	0.73	0.11	0.11	0.11	4.89	2.48	0.18
13-0001-0048	PeaHost	RT	1087.8	206.18	5.024	3.859	4.842	8.52	6.82	0.89	0.2	0.06	0.63	5.47	2.16	0.55
12-0069-0001	PeaHost	RT	1174.61	226.32	6.498	2.862	3.04	13.74	10.53	0.81	0.83	0.57	0.39	1.91	4.73	0.15
17-0145-0005	PeaHost	TT	5347.16	931.53	4.86	3.64	4.95	3.75	2.86	0.53	0.19	0.17	0.39	1.43	1.05	0.07
11-0039-0003	PeaHost	TT	12262.95	2565.35	7.991	3.259	3.731	7.89	4.44	1.16	0.88	0.6	0.51	5.84	2.29	0.37
13-0001-0045	PeaHost	TT	14781.53	2857.52	5.08	1.65	2.025	8.62	9.3	1.24	0.3	0.16	0.23	2.25	2.31	0.13
13-0001-0041	PeaHost	TT	16520.98	2806.31	4.023	2.928	4.34	9.24	9.14	1.01	0.18	0.12	0.38	4.85	4.97	0.39
